5989
31392
5335
17454
7973
27260
28210
652
13567
9557
31410
3889
15587
14189
11611
2463
11933
30322
3577
2
12026
17930
15204
30820
17452
2735
25347
6688
10607
16061
20879
2969
1517
24009
281
22571
2783
6709
18511
29282
15606
4353
3835
9834
27897
28644
11212
4295
9135
16796
20313
27974
1279
21634
8291
21044
28246
28513
27994
11213
21577
18568
5923
3063
9084
29470
6425
8753
10434
14006
21074
28614
17541
1315
29731
3142
28009
654
14822
3638
17964
21446
19962
27655
19153
9942
12
26949
22781
10717
12437
25617
6049
25626
5540
5841
473
9543
15582
8742
